******************************** FRESCO Diffusion data library ******************************
*************************************** cm^2/s   J/mol*************** *********************
360850   Kr           0                 1                 
                      1.300000000E-08   1.260000000E+05   
                      1                 1
                      1.000000000E-04   0.000000000E+00	
                      2                 2
                      2.900000000E-04   2.910000000E+05   2.000000000E+09   9.230000000E+05
                      3                 1
                      1.000000000E-06   4.000000000E+05
                      4                 2
                      2.900000000E-04   2.910000000E+05   2.000000000E+09   9.230000000E+05
                      5                 1
                      6.000000000E-02   0.000000000E+01
                      6                 1
                      6.000000000E-14   7.100000000E+04
                      
380890   Sr           0                 1                 
                      2.200000000E+01   4.880000000E+05
                      1                 1 
                      1.000000000E-04   0.000000000E+00
                      2                 1
                      2.300000000E-02   1.970000000E+05
                      3                 2                 
                      1.200000000E-05   2.050000000E+05   1.800000000E+10   7.910000000E+05
                      4                 1
                      2.300000000E-02   1.970000000E+05
                      5                 1
                      1.000000000E+02   3.030000000E+05
                      6                 1
                      1.000000000E+00   0.000000000E+00
                      
471080   Ag           0                 1                 
                      6.700000000E-05   1.650000000E+05
                      1                 1
                      1.000000000E-04   0.000000000E+00
                      2                 1
                      5.300000000E-05   1.540000000E+05
                      3                 1
                      3.600000000E-05   2.150000000E+05
                      4                 1
                      5.300000000E-05   1.540000000E+05
                      5                 1
                      6.800000000E+05   2.620000000E+05
                      6                 1
                      1.000000000E+01   0.000000000E+00

541200   Xe           0                 1                 
                      1.300000000E-08   1.260000000E+05 
                      1                 1           
                      1.000000000E-04   0.000000000E+00
                      2                 2
                      2.900000000E-04   2.910000000E+05   2.000000000E+09   9.230000000E+05
                      3                 1                 1400              5000
                      3.700000000E+05   6.250000000E+05   1.700000000E+00   6.240000000E+05
                      4                 2
                      2.900000000E-04   2.910000000E+05   2.000000000E+09   9.230000000E+05
                      5                 1
                      6.000000000E-02   0.000000000E+01
                      6                 1
                      6.000000000E-14   7.100000000E+04  
                                                                                                                   
551210   Cs           0                 2                 
                      5.600000000E-04   2.090000000E+05   5.200000000E-00   3.620000000E+05
                      1                 1
                      1.000000000E-04   0.000000000E-00
                      2                 1
                      6.300000000E-04   2.220000000E+05
                      3                 2
                      1.380109714E-09   1.250000000E+05   1.600000000E+02   5.140000000E+05
                      4                 1
                      6.300000000E-04   2.220000000E+05
                      5                 1
                      3.600000000E-00   1.890000000E+05
                      6                 1
                      1.000000000E-00   0.000000000E+03    
  
551450   I            0                 1                 
                      1.300000000E-08   1.260000000E+05 
                      1                 1
                      1.000000000E-04   0.000000000E-00
                      2                 1
                      2.900000000E-04   2.910000000E+05
                      3                 1
                      1.000000000E-06   4.000000000E+05
                      4                 1
                      2.900000000E-04   2.910000000E+05
                      5                 1
                      6.000000000E-02   0.000000000E+01
                      6                 1
                      6.000000000E-14   7.100000000E+04

551450   H            0                 1                 
                      1.300000000E-08   1.260000000E+05 
                      1                 1
                      1.000000000E-04   0.000000000E-00
                      2                 1
                      2.900000000E-04   2.910000000E+05
                      3                 1
                      1.000000000E-06   4.000000000E+05
                      4                 1
                      2.900000000E-04   2.910000000E+05
                      5                 1
                      6.000000000E-02   0.000000000E+01
                      6                 1
                      6.000000000E-14   7.100000000E+04

551450   test         0                 3                 1000              2000
                      1.000000000E-00   1.000000000E+01   2.000000000E-00   2.000000000E+01   3.000000000E-00   3.000000000E+01   1.100000000E-00   1.100000000E+01   2.100000000E-00   2.100000000E+01   3.100000000E-00   3.100000000E+01
                      1                 1
                      1.000000000E-04   0.000000000E-00
                      2                 1
                      2.900000000E-04   2.910000000E+05
                      3                 1
                      1.000000000E-06   4.000000000E+05
                      4                 1
                      2.900000000E-04   2.910000000E+05
                      5                 1
                      6.000000000E-02   0.000000000E+01
                      6                 1
                      6.000000000E-14   7.100000000E+04